train_data_size: [0.1, 0.1, 0.1, 0.1, 0.1, 0.1, 0.1, 0.1, 0.1, 0.1]
test_data_size: [1, 1, 1, 1, 1, 1, 1, 1, 1, 1]
batch_size:256
iter number is:10000
0, val_acc: 0.0998
0, precision: [0.    0.    0.    0.    0.    0.    0.    0.998 0.    0.   ]
50, val_acc: 0.113
50, precision: [0.244 0.    0.    0.059 0.006 0.001 0.002 0.786 0.    0.032]
100, val_acc: 0.212
100, precision: [0.57  0.048 0.    0.239 0.257 0.026 0.15  0.44  0.    0.39 ]
150, val_acc: 0.2896
150, precision: [0.507 0.42  0.    0.319 0.32  0.098 0.336 0.405 0.    0.491]
200, val_acc: 0.3394
200, precision: [0.545 0.598 0.    0.413 0.391 0.131 0.336 0.446 0.    0.534]
250, val_acc: 0.3818
250, precision: [0.555 0.69  0.    0.469 0.433 0.16  0.365 0.521 0.066 0.559]
300, val_acc: 0.4466
300, precision: [0.56  0.714 0.    0.525 0.506 0.19  0.368 0.554 0.425 0.624]
350, val_acc: 0.4831
350, precision: [0.537 0.75  0.    0.538 0.549 0.222 0.398 0.585 0.592 0.66 ]
400, val_acc: 0.5071
400, precision: [0.575 0.757 0.    0.56  0.582 0.263 0.384 0.611 0.639 0.7  ]
450, val_acc: 0.5227
450, precision: [0.565 0.771 0.    0.592 0.594 0.313 0.397 0.621 0.672 0.702]
500, val_acc: 0.5376
500, precision: [0.578 0.78  0.    0.613 0.597 0.374 0.397 0.648 0.681 0.708]
550, val_acc: 0.5542
550, precision: [0.601 0.794 0.    0.607 0.617 0.408 0.399 0.669 0.706 0.741]
600, val_acc: 0.5689
600, precision: [0.595 0.799 0.    0.639 0.639 0.431 0.411 0.695 0.719 0.761]
650, val_acc: 0.5785
650, precision: [0.605 0.816 0.    0.642 0.627 0.461 0.427 0.705 0.734 0.768]
700, val_acc: 0.5875
700, precision: [0.612 0.807 0.    0.675 0.644 0.464 0.421 0.719 0.75  0.783]
750, val_acc: 0.595
750, precision: [0.627 0.823 0.    0.655 0.641 0.515 0.425 0.717 0.762 0.785]
800, val_acc: 0.6022
800, precision: [0.63  0.822 0.    0.68  0.649 0.519 0.424 0.737 0.766 0.795]
850, val_acc: 0.6082
850, precision: [0.633 0.831 0.    0.679 0.664 0.543 0.429 0.734 0.773 0.796]
900, val_acc: 0.6149
900, precision: [0.632 0.839 0.    0.675 0.658 0.555 0.453 0.746 0.781 0.81 ]
950, val_acc: 0.6225
950, precision: [0.639 0.844 0.    0.682 0.651 0.563 0.474 0.779 0.778 0.815]
1000, val_acc: 0.6252
1000, precision: [0.65  0.845 0.    0.685 0.653 0.577 0.465 0.775 0.783 0.819]
1050, val_acc: 0.6295
1050, precision: [0.652 0.847 0.    0.687 0.665 0.6   0.458 0.78  0.789 0.817]
1100, val_acc: 0.6337
1100, precision: [0.654 0.848 0.    0.7   0.675 0.619 0.453 0.776 0.8   0.812]
1150, val_acc: 0.6371
1150, precision: [0.658 0.849 0.    0.697 0.68  0.615 0.455 0.788 0.797 0.832]
1200, val_acc: 0.6385
1200, precision: [0.648 0.857 0.    0.699 0.652 0.623 0.479 0.806 0.804 0.817]
1250, val_acc: 0.6413
1250, precision: [0.657 0.855 0.    0.697 0.649 0.641 0.484 0.798 0.807 0.825]
1300, val_acc: 0.6441
1300, precision: [0.663 0.859 0.    0.711 0.656 0.651 0.464 0.795 0.816 0.826]
1350, val_acc: 0.6452
1350, precision: [0.662 0.864 0.    0.705 0.651 0.649 0.483 0.802 0.811 0.825]
1400, val_acc: 0.648
1400, precision: [0.668 0.86  0.    0.713 0.672 0.653 0.469 0.797 0.813 0.835]
1450, val_acc: 0.6505
1450, precision: [0.664 0.863 0.    0.725 0.661 0.664 0.479 0.799 0.818 0.832]
1500, val_acc: 0.6521
1500, precision: [0.657 0.866 0.    0.706 0.689 0.667 0.479 0.799 0.823 0.835]
1550, val_acc: 0.6532
1550, precision: [0.668 0.865 0.    0.714 0.68  0.671 0.48  0.805 0.818 0.831]
1600, val_acc: 0.6559
1600, precision: [0.673 0.871 0.    0.719 0.7   0.681 0.462 0.803 0.819 0.831]
1650, val_acc: 0.6562
1650, precision: [0.66  0.866 0.    0.718 0.671 0.676 0.504 0.801 0.822 0.844]
1700, val_acc: 0.659
1700, precision: [0.67  0.871 0.    0.714 0.704 0.69  0.466 0.805 0.823 0.847]
1750, val_acc: 0.6594
1750, precision: [0.67  0.87  0.    0.716 0.696 0.705 0.477 0.801 0.821 0.838]
1800, val_acc: 0.6597
1800, precision: [0.659 0.872 0.    0.72  0.695 0.688 0.488 0.811 0.824 0.84 ]
1850, val_acc: 0.6627
1850, precision: [0.661 0.872 0.    0.724 0.713 0.691 0.483 0.811 0.825 0.847]
1900, val_acc: 0.6629
1900, precision: [0.66  0.874 0.    0.738 0.694 0.706 0.494 0.804 0.827 0.832]
1950, val_acc: 0.6654
1950, precision: [0.693 0.876 0.    0.722 0.691 0.711 0.486 0.794 0.829 0.852]
2000, val_acc: 0.6659
2000, precision: [0.681 0.878 0.    0.733 0.688 0.703 0.49  0.817 0.832 0.837]
2050, val_acc: 0.6665
2050, precision: [0.643 0.881 0.    0.724 0.703 0.699 0.516 0.815 0.828 0.856]
2100, val_acc: 0.6671
2100, precision: [0.664 0.878 0.    0.731 0.707 0.704 0.49  0.817 0.836 0.844]
2150, val_acc: 0.6689
2150, precision: [0.666 0.884 0.    0.74  0.695 0.716 0.498 0.81  0.827 0.853]
2200, val_acc: 0.6715
2200, precision: [0.675 0.879 0.    0.741 0.704 0.713 0.494 0.815 0.829 0.865]
2250, val_acc: 0.67
2250, precision: [0.657 0.886 0.    0.722 0.709 0.713 0.505 0.82  0.833 0.855]
2300, val_acc: 0.6699
2300, precision: [0.66  0.884 0.    0.719 0.711 0.721 0.508 0.814 0.832 0.85 ]
2350, val_acc: 0.6727
2350, precision: [0.67  0.882 0.    0.745 0.73  0.723 0.482 0.823 0.832 0.84 ]
2400, val_acc: 0.6731
2400, precision: [0.664 0.883 0.    0.733 0.706 0.711 0.508 0.831 0.836 0.859]
2450, val_acc: 0.6736
2450, precision: [0.668 0.884 0.    0.752 0.689 0.724 0.507 0.826 0.843 0.843]
2500, val_acc: 0.6752
2500, precision: [0.679 0.888 0.    0.736 0.71  0.722 0.494 0.815 0.843 0.865]
2550, val_acc: 0.6752
2550, precision: [0.664 0.888 0.    0.737 0.716 0.73  0.503 0.833 0.841 0.84 ]
2600, val_acc: 0.6771
2600, precision: [0.677 0.889 0.    0.739 0.696 0.733 0.515 0.837 0.844 0.841]
2650, val_acc: 0.6782
2650, precision: [0.681 0.892 0.    0.729 0.722 0.727 0.504 0.84  0.835 0.852]
2700, val_acc: 0.679
2700, precision: [0.658 0.889 0.    0.748 0.728 0.731 0.517 0.842 0.837 0.84 ]
2750, val_acc: 0.6788
2750, precision: [0.657 0.894 0.    0.758 0.699 0.739 0.524 0.824 0.838 0.855]
2800, val_acc: 0.6791
2800, precision: [0.671 0.895 0.    0.741 0.705 0.736 0.512 0.839 0.837 0.855]
2850, val_acc: 0.68
2850, precision: [0.678 0.897 0.    0.735 0.717 0.741 0.51  0.842 0.836 0.844]
2900, val_acc: 0.6828
2900, precision: [0.678 0.894 0.    0.742 0.744 0.745 0.496 0.827 0.841 0.861]
2950, val_acc: 0.6825
2950, precision: [0.683 0.897 0.    0.737 0.719 0.738 0.513 0.835 0.843 0.86 ]
3000, val_acc: 0.6824
3000, precision: [0.675 0.898 0.    0.753 0.705 0.742 0.516 0.834 0.843 0.858]
3050, val_acc: 0.6822
3050, precision: [0.682 0.897 0.    0.733 0.713 0.731 0.516 0.845 0.843 0.862]
3100, val_acc: 0.6834
3100, precision: [0.68  0.896 0.    0.743 0.713 0.736 0.519 0.838 0.845 0.864]
3150, val_acc: 0.6823
3150, precision: [0.67  0.897 0.    0.742 0.687 0.74  0.54  0.837 0.843 0.867]
3200, val_acc: 0.6842
3200, precision: [0.678 0.896 0.    0.746 0.713 0.743 0.516 0.836 0.842 0.872]
3250, val_acc: 0.6842
3250, precision: [0.668 0.9   0.    0.75  0.706 0.749 0.526 0.841 0.841 0.861]
3300, val_acc: 0.6858
3300, precision: [0.685 0.901 0.    0.747 0.728 0.745 0.498 0.844 0.849 0.861]
3350, val_acc: 0.686
3350, precision: [0.683 0.9   0.    0.74  0.715 0.746 0.528 0.85  0.845 0.853]
3400, val_acc: 0.685
3400, precision: [0.692 0.902 0.    0.743 0.712 0.748 0.509 0.842 0.844 0.858]
3450, val_acc: 0.6885
3450, precision: [0.688 0.9   0.    0.748 0.737 0.747 0.514 0.848 0.847 0.856]
3500, val_acc: 0.6876
3500, precision: [0.682 0.899 0.    0.749 0.708 0.748 0.528 0.848 0.851 0.863]
3550, val_acc: 0.6898
3550, precision: [0.673 0.9   0.    0.743 0.742 0.749 0.528 0.843 0.854 0.866]
3600, val_acc: 0.6897
3600, precision: [0.679 0.902 0.    0.758 0.731 0.755 0.516 0.846 0.846 0.864]
3650, val_acc: 0.6894
3650, precision: [0.673 0.9   0.    0.759 0.706 0.752 0.542 0.843 0.852 0.867]
3700, val_acc: 0.6892
3700, precision: [0.678 0.901 0.    0.753 0.715 0.751 0.533 0.848 0.848 0.865]
3750, val_acc: 0.6903
3750, precision: [0.68  0.901 0.    0.755 0.724 0.752 0.532 0.84  0.848 0.871]
3800, val_acc: 0.6923
3800, precision: [0.685 0.902 0.    0.756 0.718 0.76  0.544 0.844 0.854 0.86 ]
3850, val_acc: 0.693
3850, precision: [0.68  0.903 0.    0.76  0.737 0.759 0.528 0.852 0.854 0.857]
3900, val_acc: 0.6922
3900, precision: [0.683 0.901 0.    0.757 0.723 0.763 0.536 0.847 0.851 0.861]
3950, val_acc: 0.6928
3950, precision: [0.661 0.902 0.    0.752 0.72  0.767 0.56  0.844 0.856 0.866]
4000, val_acc: 0.6931
4000, precision: [0.677 0.908 0.    0.749 0.729 0.759 0.541 0.841 0.854 0.873]
4050, val_acc: 0.6926
4050, precision: [0.678 0.905 0.    0.76  0.711 0.76  0.537 0.845 0.858 0.872]
4100, val_acc: 0.6921
4100, precision: [0.676 0.91  0.    0.748 0.701 0.764 0.552 0.841 0.859 0.87 ]
4150, val_acc: 0.6932
4150, precision: [0.683 0.908 0.    0.753 0.716 0.765 0.538 0.848 0.858 0.863]
4200, val_acc: 0.6945
4200, precision: [0.686 0.905 0.    0.762 0.729 0.759 0.527 0.848 0.862 0.867]
4250, val_acc: 0.6957
4250, precision: [0.678 0.911 0.    0.756 0.738 0.762 0.536 0.848 0.863 0.865]
4300, val_acc: 0.6948
4300, precision: [0.676 0.909 0.    0.755 0.73  0.764 0.542 0.843 0.857 0.872]
4350, val_acc: 0.6977
4350, precision: [0.697 0.909 0.    0.751 0.745 0.774 0.531 0.841 0.861 0.868]
4400, val_acc: 0.6963
4400, precision: [0.681 0.908 0.    0.755 0.727 0.771 0.55  0.847 0.86  0.864]
4450, val_acc: 0.6965
4450, precision: [0.694 0.906 0.    0.763 0.722 0.766 0.533 0.848 0.862 0.871]
4500, val_acc: 0.697
4500, precision: [0.686 0.913 0.    0.757 0.728 0.772 0.532 0.84  0.862 0.88 ]
4550, val_acc: 0.6975
4550, precision: [0.681 0.912 0.    0.758 0.744 0.765 0.537 0.848 0.858 0.872]
4600, val_acc: 0.6969
4600, precision: [0.692 0.908 0.    0.764 0.724 0.767 0.537 0.852 0.86  0.865]
4650, val_acc: 0.6978
4650, precision: [0.684 0.914 0.    0.758 0.723 0.771 0.544 0.85  0.861 0.873]
4700, val_acc: 0.6975
4700, precision: [0.672 0.908 0.    0.768 0.726 0.767 0.55  0.858 0.861 0.865]
4750, val_acc: 0.6996
4750, precision: [0.698 0.912 0.    0.755 0.74  0.771 0.53  0.853 0.863 0.874]
4800, val_acc: 0.6994
4800, precision: [0.694 0.907 0.    0.768 0.722 0.768 0.546 0.857 0.861 0.871]
4850, val_acc: 0.7002
4850, precision: [0.689 0.916 0.    0.756 0.74  0.77  0.544 0.852 0.864 0.871]
4900, val_acc: 0.7014
4900, precision: [0.678 0.912 0.    0.762 0.745 0.771 0.554 0.855 0.865 0.872]
4950, val_acc: 0.6997
4950, precision: [0.668 0.915 0.    0.759 0.73  0.77  0.573 0.855 0.863 0.864]
5000, val_acc: 0.7017
5000, precision: [0.691 0.911 0.    0.766 0.73  0.771 0.557 0.851 0.863 0.877]
5050, val_acc: 0.7015
5050, precision: [0.684 0.914 0.    0.757 0.723 0.768 0.573 0.862 0.862 0.872]
5100, val_acc: 0.7023
5100, precision: [0.686 0.917 0.    0.764 0.746 0.772 0.544 0.856 0.864 0.874]
5150, val_acc: 0.7026
5150, precision: [0.703 0.915 0.    0.771 0.757 0.771 0.524 0.857 0.858 0.87 ]
5200, val_acc: 0.7035
5200, precision: [0.69  0.913 0.    0.766 0.745 0.775 0.55  0.854 0.866 0.876]
5250, val_acc: 0.7043
5250, precision: [0.696 0.915 0.    0.769 0.742 0.773 0.551 0.856 0.867 0.874]
5300, val_acc: 0.7033
5300, precision: [0.691 0.916 0.    0.758 0.738 0.774 0.556 0.853 0.866 0.881]
5350, val_acc: 0.703
5350, precision: [0.676 0.915 0.    0.765 0.744 0.773 0.56  0.853 0.864 0.88 ]
5400, val_acc: 0.7028
5400, precision: [0.677 0.915 0.    0.762 0.737 0.775 0.566 0.848 0.866 0.882]
5450, val_acc: 0.7034
5450, precision: [0.677 0.915 0.    0.761 0.747 0.778 0.554 0.857 0.868 0.877]
5500, val_acc: 0.7037
5500, precision: [0.68  0.914 0.    0.77  0.745 0.774 0.551 0.861 0.863 0.879]
5550, val_acc: 0.706
5550, precision: [0.712 0.914 0.    0.772 0.744 0.777 0.536 0.86  0.865 0.88 ]
5600, val_acc: 0.7057
5600, precision: [0.703 0.916 0.    0.761 0.753 0.78  0.54  0.86  0.867 0.877]
5650, val_acc: 0.7053
5650, precision: [0.683 0.914 0.    0.771 0.75  0.778 0.549 0.855 0.867 0.886]
5700, val_acc: 0.7052
5700, precision: [0.69  0.915 0.    0.763 0.753 0.782 0.55  0.855 0.864 0.88 ]
5750, val_acc: 0.7054
5750, precision: [0.685 0.917 0.    0.767 0.734 0.78  0.563 0.853 0.865 0.89 ]
5800, val_acc: 0.7069
5800, precision: [0.694 0.916 0.    0.773 0.725 0.782 0.562 0.86  0.87  0.887]
5850, val_acc: 0.7075
5850, precision: [0.713 0.916 0.    0.764 0.74  0.781 0.553 0.852 0.869 0.887]
5900, val_acc: 0.7068
5900, precision: [0.701 0.916 0.    0.771 0.747 0.778 0.546 0.859 0.869 0.881]
5950, val_acc: 0.7069
5950, precision: [0.679 0.916 0.    0.774 0.744 0.777 0.564 0.864 0.87  0.881]
6000, val_acc: 0.7075
6000, precision: [0.698 0.915 0.    0.763 0.742 0.786 0.561 0.867 0.873 0.87 ]
6050, val_acc: 0.7093
6050, precision: [0.71  0.916 0.    0.777 0.739 0.786 0.551 0.861 0.868 0.885]
6100, val_acc: 0.708
6100, precision: [0.687 0.917 0.    0.764 0.75  0.777 0.563 0.869 0.871 0.882]
6150, val_acc: 0.7075
6150, precision: [0.692 0.918 0.    0.763 0.746 0.784 0.56  0.859 0.874 0.879]
6200, val_acc: 0.7078
6200, precision: [0.689 0.916 0.    0.759 0.76  0.785 0.558 0.862 0.869 0.88 ]
6250, val_acc: 0.708
6250, precision: [0.675 0.915 0.    0.776 0.748 0.779 0.563 0.866 0.87  0.888]
6300, val_acc: 0.7089
6300, precision: [0.703 0.915 0.    0.768 0.745 0.784 0.555 0.864 0.865 0.89 ]
6350, val_acc: 0.7098
6350, precision: [0.7   0.918 0.    0.763 0.756 0.783 0.549 0.865 0.874 0.89 ]
6400, val_acc: 0.7095
6400, precision: [0.683 0.918 0.    0.764 0.756 0.785 0.569 0.861 0.87  0.889]
6450, val_acc: 0.7102
6450, precision: [0.688 0.916 0.    0.774 0.75  0.782 0.561 0.869 0.872 0.89 ]
6500, val_acc: 0.7117
6500, precision: [0.713 0.916 0.    0.776 0.756 0.781 0.542 0.866 0.872 0.895]
6550, val_acc: 0.7111
6550, precision: [0.687 0.917 0.    0.765 0.749 0.782 0.57  0.866 0.875 0.9  ]
6600, val_acc: 0.7108
6600, precision: [0.685 0.918 0.    0.768 0.748 0.782 0.57  0.869 0.873 0.895]
6650, val_acc: 0.7096
6650, precision: [0.688 0.919 0.    0.764 0.745 0.789 0.57  0.858 0.869 0.894]
6700, val_acc: 0.7106
6700, precision: [0.697 0.918 0.    0.768 0.754 0.782 0.559 0.866 0.871 0.891]
6750, val_acc: 0.7119
6750, precision: [0.687 0.916 0.    0.782 0.751 0.789 0.562 0.869 0.873 0.89 ]
6800, val_acc: 0.7117
6800, precision: [0.692 0.917 0.    0.769 0.753 0.788 0.564 0.866 0.873 0.895]
6850, val_acc: 0.7123
6850, precision: [0.707 0.918 0.    0.768 0.763 0.793 0.55  0.858 0.871 0.895]
6900, val_acc: 0.7113
6900, precision: [0.686 0.918 0.    0.768 0.753 0.784 0.57  0.869 0.874 0.891]
6950, val_acc: 0.7127
6950, precision: [0.704 0.919 0.    0.766 0.767 0.788 0.553 0.867 0.871 0.892]
7000, val_acc: 0.7138
7000, precision: [0.705 0.918 0.    0.769 0.764 0.793 0.558 0.867 0.875 0.889]
7050, val_acc: 0.7136
7050, precision: [0.703 0.916 0.    0.776 0.762 0.791 0.555 0.861 0.874 0.898]
7100, val_acc: 0.7142
7100, precision: [0.707 0.918 0.    0.764 0.776 0.796 0.552 0.862 0.871 0.896]
7150, val_acc: 0.7124
7150, precision: [0.681 0.917 0.    0.775 0.764 0.79  0.561 0.869 0.876 0.891]
7200, val_acc: 0.7146
7200, precision: [0.715 0.917 0.    0.777 0.758 0.791 0.552 0.87  0.875 0.891]
7250, val_acc: 0.714
7250, precision: [0.711 0.917 0.    0.77  0.76  0.796 0.554 0.866 0.876 0.89 ]
7300, val_acc: 0.7154
7300, precision: [0.715 0.917 0.    0.768 0.759 0.802 0.558 0.863 0.875 0.897]
7350, val_acc: 0.7135
7350, precision: [0.695 0.918 0.    0.772 0.756 0.792 0.567 0.862 0.873 0.9  ]
7400, val_acc: 0.7162
7400, precision: [0.708 0.917 0.    0.784 0.76  0.793 0.56  0.872 0.873 0.895]
7450, val_acc: 0.7152
7450, precision: [0.695 0.917 0.    0.773 0.762 0.799 0.57  0.861 0.875 0.9  ]
7500, val_acc: 0.7144
7500, precision: [0.698 0.917 0.    0.778 0.748 0.793 0.566 0.866 0.876 0.902]
7550, val_acc: 0.7151
7550, precision: [0.703 0.916 0.    0.779 0.756 0.792 0.562 0.874 0.875 0.894]
7600, val_acc: 0.7155
7600, precision: [0.693 0.916 0.    0.776 0.759 0.799 0.574 0.865 0.873 0.9  ]
7650, val_acc: 0.7146
7650, precision: [0.695 0.92  0.    0.769 0.75  0.798 0.573 0.868 0.875 0.898]
7700, val_acc: 0.7151
7700, precision: [0.71  0.916 0.    0.774 0.748 0.798 0.571 0.868 0.872 0.894]
7750, val_acc: 0.716
7750, precision: [0.713 0.918 0.    0.78  0.755 0.796 0.562 0.865 0.872 0.899]
7800, val_acc: 0.7155
7800, precision: [0.703 0.919 0.    0.78  0.75  0.787 0.571 0.869 0.873 0.903]
7850, val_acc: 0.7161
7850, precision: [0.698 0.919 0.    0.777 0.759 0.796 0.571 0.865 0.871 0.905]
7900, val_acc: 0.7169
7900, precision: [0.704 0.918 0.    0.773 0.771 0.792 0.565 0.872 0.87  0.904]
7950, val_acc: 0.7181
7950, precision: [0.701 0.916 0.    0.775 0.764 0.796 0.578 0.88  0.871 0.9  ]
8000, val_acc: 0.7178
8000, precision: [0.713 0.92  0.    0.778 0.767 0.8   0.556 0.868 0.875 0.901]
8050, val_acc: 0.7187
8050, precision: [0.708 0.918 0.    0.776 0.778 0.8   0.561 0.868 0.875 0.903]
8100, val_acc: 0.7187
8100, precision: [0.711 0.92  0.    0.776 0.771 0.799 0.557 0.873 0.877 0.903]
8150, val_acc: 0.718
8150, precision: [0.704 0.919 0.    0.774 0.774 0.793 0.566 0.871 0.876 0.903]
8200, val_acc: 0.7194
8200, precision: [0.716 0.918 0.    0.777 0.764 0.8   0.567 0.873 0.877 0.902]
8250, val_acc: 0.7185
8250, precision: [0.702 0.92  0.    0.775 0.765 0.798 0.574 0.874 0.877 0.9  ]
8300, val_acc: 0.7204
8300, precision: [0.709 0.919 0.    0.786 0.781 0.801 0.554 0.871 0.878 0.905]
8350, val_acc: 0.7204
8350, precision: [0.707 0.919 0.    0.778 0.772 0.806 0.566 0.877 0.879 0.9  ]
8400, val_acc: 0.7204
8400, precision: [0.72  0.919 0.    0.777 0.765 0.807 0.563 0.874 0.877 0.902]
8450, val_acc: 0.7203
8450, precision: [0.707 0.919 0.    0.785 0.776 0.806 0.556 0.873 0.877 0.904]
8500, val_acc: 0.7204
8500, precision: [0.718 0.918 0.    0.776 0.767 0.805 0.566 0.877 0.873 0.904]
8550, val_acc: 0.7199
8550, precision: [0.711 0.919 0.    0.775 0.77  0.8   0.571 0.874 0.875 0.904]
8600, val_acc: 0.7199
8600, precision: [0.712 0.921 0.    0.775 0.762 0.804 0.569 0.875 0.879 0.902]
8650, val_acc: 0.7218
8650, precision: [0.713 0.92  0.    0.776 0.773 0.81  0.569 0.876 0.877 0.904]
8700, val_acc: 0.7223
8700, precision: [0.712 0.92  0.    0.777 0.777 0.811 0.569 0.876 0.877 0.904]
8750, val_acc: 0.7222
8750, precision: [0.708 0.92  0.    0.783 0.774 0.809 0.57  0.872 0.88  0.906]
8800, val_acc: 0.7219
8800, precision: [0.715 0.92  0.    0.777 0.765 0.814 0.571 0.873 0.879 0.905]
8850, val_acc: 0.7217
8850, precision: [0.716 0.921 0.    0.78  0.767 0.808 0.566 0.873 0.879 0.907]
8900, val_acc: 0.7217
8900, precision: [0.72  0.919 0.    0.779 0.765 0.812 0.567 0.874 0.876 0.905]
8950, val_acc: 0.7211
8950, precision: [0.717 0.919 0.    0.777 0.768 0.808 0.566 0.874 0.881 0.901]
9000, val_acc: 0.722
9000, precision: [0.717 0.92  0.    0.775 0.767 0.815 0.573 0.876 0.878 0.899]
9050, val_acc: 0.7229
9050, precision: [0.71  0.918 0.    0.782 0.763 0.815 0.583 0.879 0.877 0.902]
9100, val_acc: 0.7219
9100, precision: [0.709 0.918 0.    0.776 0.775 0.808 0.573 0.876 0.877 0.907]
9150, val_acc: 0.7227
9150, precision: [0.712 0.918 0.    0.783 0.764 0.815 0.58  0.872 0.879 0.904]
9200, val_acc: 0.723
9200, precision: [0.715 0.918 0.    0.78  0.776 0.814 0.565 0.874 0.881 0.907]
9250, val_acc: 0.7238
9250, precision: [0.716 0.919 0.    0.781 0.767 0.821 0.573 0.875 0.881 0.905]
9300, val_acc: 0.7241
9300, precision: [0.727 0.918 0.    0.787 0.772 0.805 0.567 0.875 0.881 0.909]
9350, val_acc: 0.7239
9350, precision: [0.72  0.919 0.    0.785 0.756 0.814 0.58  0.873 0.88  0.912]
9400, val_acc: 0.7233
9400, precision: [0.717 0.92  0.    0.781 0.762 0.817 0.577 0.876 0.879 0.904]
9450, val_acc: 0.7237
9450, precision: [0.72  0.92  0.    0.779 0.771 0.811 0.575 0.874 0.881 0.906]
9500, val_acc: 0.7249
9500, precision: [0.716 0.921 0.    0.778 0.786 0.82  0.568 0.874 0.88  0.906]
9550, val_acc: 0.725
9550, precision: [0.717 0.917 0.    0.793 0.776 0.814 0.571 0.877 0.881 0.904]
9600, val_acc: 0.7246
9600, precision: [0.723 0.92  0.    0.779 0.764 0.821 0.579 0.873 0.878 0.909]
9650, val_acc: 0.7249
9650, precision: [0.716 0.92  0.    0.783 0.772 0.818 0.579 0.878 0.881 0.902]
9700, val_acc: 0.7244
9700, precision: [0.714 0.919 0.    0.78  0.77  0.816 0.581 0.877 0.88  0.907]
9750, val_acc: 0.7253
9750, precision: [0.716 0.919 0.    0.789 0.774 0.816 0.578 0.878 0.878 0.905]
9800, val_acc: 0.7247
9800, precision: [0.707 0.92  0.    0.788 0.772 0.822 0.577 0.877 0.88  0.904]
9850, val_acc: 0.7253
9850, precision: [0.714 0.92  0.    0.783 0.779 0.819 0.571 0.877 0.882 0.908]
9900, val_acc: 0.7254
9900, precision: [0.717 0.92  0.    0.779 0.777 0.819 0.574 0.877 0.881 0.91 ]
9950, val_acc: 0.7256
9950, precision: [0.719 0.919 0.    0.779 0.775 0.822 0.576 0.878 0.881 0.907]
iter 10000   total time is: 75.03947901725769   is not include data reading
