train_data_size: [0.1, 0.1, 0.1, 0.1, 0.1, 0.1, 0.1, 0.1, 0.1, 0.1]
test_data_size: [1, 1, 1, 1, 1, 1, 1, 1, 1, 1]
batch_size:50
iter number is:20000
0, val_acc: 0.0796
0, precision: [0.039 0.    0.    0.019 0.    0.    0.738 0.    0.    0.   ]
50, val_acc: 0.0771
50, precision: [0.256 0.038 0.    0.137 0.    0.004 0.336 0.    0.    0.   ]
100, val_acc: 0.0932
100, precision: [0.287 0.199 0.019 0.162 0.    0.023 0.194 0.045 0.002 0.001]
150, val_acc: 0.1363
150, precision: [0.225 0.357 0.084 0.135 0.    0.079 0.132 0.29  0.053 0.008]
200, val_acc: 0.184
200, precision: [0.233 0.415 0.17  0.164 0.    0.121 0.137 0.408 0.148 0.044]
250, val_acc: 0.2314
250, precision: [0.276 0.432 0.318 0.206 0.001 0.163 0.162 0.466 0.167 0.123]
300, val_acc: 0.2708
300, precision: [0.342 0.498 0.353 0.203 0.014 0.192 0.209 0.489 0.206 0.202]
350, val_acc: 0.3108
350, precision: [0.345 0.516 0.396 0.291 0.099 0.237 0.222 0.487 0.248 0.267]
400, val_acc: 0.3532
400, precision: [0.377 0.529 0.411 0.376 0.209 0.241 0.224 0.536 0.278 0.351]
450, val_acc: 0.3895
450, precision: [0.391 0.572 0.473 0.438 0.247 0.281 0.23  0.562 0.294 0.407]
500, val_acc: 0.4216
500, precision: [0.424 0.608 0.439 0.454 0.332 0.308 0.246 0.585 0.361 0.459]
550, val_acc: 0.4459
550, precision: [0.465 0.641 0.448 0.465 0.348 0.343 0.251 0.607 0.389 0.502]
600, val_acc: 0.4626
600, precision: [0.462 0.68  0.49  0.462 0.302 0.378 0.295 0.609 0.417 0.531]
650, val_acc: 0.4812
650, precision: [0.478 0.68  0.475 0.512 0.358 0.381 0.287 0.633 0.444 0.564]
700, val_acc: 0.4995
700, precision: [0.497 0.705 0.5   0.504 0.392 0.407 0.268 0.645 0.476 0.601]
750, val_acc: 0.5094
750, precision: [0.469 0.737 0.496 0.505 0.408 0.477 0.3   0.643 0.466 0.593]
800, val_acc: 0.5274
800, precision: [0.499 0.732 0.465 0.525 0.467 0.461 0.286 0.645 0.532 0.662]
850, val_acc: 0.5409
850, precision: [0.553 0.732 0.475 0.537 0.462 0.485 0.3   0.656 0.537 0.672]
900, val_acc: 0.5495
900, precision: [0.539 0.745 0.504 0.548 0.428 0.482 0.316 0.669 0.584 0.68 ]
950, val_acc: 0.5577
950, precision: [0.545 0.751 0.491 0.544 0.443 0.519 0.341 0.668 0.586 0.689]
1000, val_acc: 0.5656
1000, precision: [0.539 0.743 0.538 0.564 0.432 0.51  0.337 0.703 0.592 0.698]
1050, val_acc: 0.5754
1050, precision: [0.574 0.758 0.526 0.571 0.452 0.534 0.32  0.714 0.615 0.69 ]
1100, val_acc: 0.5848
1100, precision: [0.57  0.766 0.535 0.596 0.456 0.518 0.323 0.74  0.638 0.706]
1150, val_acc: 0.5915
1150, precision: [0.581 0.777 0.479 0.592 0.501 0.558 0.361 0.713 0.642 0.711]
1200, val_acc: 0.5956
1200, precision: [0.583 0.79  0.512 0.589 0.47  0.572 0.367 0.701 0.645 0.727]
1250, val_acc: 0.6028
1250, precision: [0.58  0.802 0.489 0.61  0.473 0.561 0.383 0.732 0.684 0.714]
1300, val_acc: 0.612
1300, precision: [0.591 0.801 0.51  0.608 0.535 0.582 0.337 0.729 0.699 0.728]
1350, val_acc: 0.6153
1350, precision: [0.592 0.791 0.518 0.632 0.507 0.586 0.35  0.73  0.71  0.737]
1400, val_acc: 0.6213
1400, precision: [0.597 0.806 0.535 0.624 0.538 0.596 0.324 0.727 0.717 0.749]
1450, val_acc: 0.6186
1450, precision: [0.567 0.786 0.553 0.625 0.458 0.625 0.384 0.728 0.72  0.74 ]
1500, val_acc: 0.6274
1500, precision: [0.6   0.815 0.545 0.611 0.543 0.61  0.335 0.73  0.727 0.758]
1550, val_acc: 0.632
1550, precision: [0.624 0.815 0.577 0.613 0.518 0.583 0.345 0.742 0.729 0.774]
1600, val_acc: 0.6354
1600, precision: [0.614 0.836 0.579 0.615 0.502 0.579 0.353 0.752 0.754 0.77 ]
1650, val_acc: 0.6383
1650, precision: [0.631 0.828 0.543 0.6   0.544 0.611 0.365 0.738 0.739 0.784]
1700, val_acc: 0.6409
1700, precision: [0.602 0.847 0.599 0.606 0.487 0.613 0.373 0.738 0.753 0.791]
1750, val_acc: 0.6392
1750, precision: [0.579 0.84  0.555 0.604 0.493 0.615 0.418 0.744 0.746 0.798]
1800, val_acc: 0.6486
1800, precision: [0.631 0.847 0.595 0.609 0.501 0.629 0.38  0.755 0.753 0.786]
1850, val_acc: 0.6522
1850, precision: [0.658 0.824 0.57  0.65  0.539 0.654 0.347 0.747 0.752 0.781]
1900, val_acc: 0.6516
1900, precision: [0.631 0.823 0.584 0.646 0.489 0.634 0.389 0.749 0.772 0.799]
1950, val_acc: 0.6568
1950, precision: [0.645 0.817 0.575 0.665 0.537 0.664 0.357 0.752 0.77  0.786]
2000, val_acc: 0.6564
2000, precision: [0.67  0.847 0.517 0.603 0.579 0.641 0.371 0.747 0.781 0.808]
2050, val_acc: 0.6585
2050, precision: [0.669 0.831 0.565 0.648 0.527 0.648 0.362 0.756 0.785 0.794]
2100, val_acc: 0.6581
2100, precision: [0.63  0.828 0.521 0.665 0.55  0.668 0.402 0.747 0.771 0.799]
2150, val_acc: 0.6619
2150, precision: [0.665 0.857 0.568 0.634 0.542 0.651 0.369 0.784 0.759 0.79 ]
2200, val_acc: 0.6631
2200, precision: [0.629 0.845 0.558 0.664 0.525 0.647 0.408 0.763 0.78  0.812]
2250, val_acc: 0.6676
2250, precision: [0.651 0.823 0.611 0.69  0.506 0.665 0.385 0.754 0.783 0.808]
2300, val_acc: 0.6642
2300, precision: [0.631 0.843 0.562 0.665 0.513 0.643 0.412 0.773 0.791 0.809]
2350, val_acc: 0.6705
2350, precision: [0.659 0.84  0.592 0.685 0.535 0.658 0.364 0.761 0.797 0.814]
2400, val_acc: 0.67
2400, precision: [0.654 0.849 0.564 0.667 0.554 0.654 0.383 0.768 0.794 0.813]
2450, val_acc: 0.6725
2450, precision: [0.663 0.856 0.617 0.65  0.523 0.69  0.37  0.756 0.794 0.806]
2500, val_acc: 0.6721
2500, precision: [0.633 0.861 0.586 0.665 0.55  0.667 0.385 0.787 0.798 0.789]
2550, val_acc: 0.6722
2550, precision: [0.624 0.855 0.584 0.668 0.556 0.678 0.391 0.775 0.796 0.795]
2600, val_acc: 0.6756
2600, precision: [0.654 0.851 0.587 0.671 0.54  0.686 0.4   0.774 0.796 0.797]
2650, val_acc: 0.675
2650, precision: [0.679 0.857 0.547 0.657 0.561 0.665 0.4   0.78  0.798 0.806]
2700, val_acc: 0.6796
2700, precision: [0.682 0.847 0.58  0.678 0.549 0.69  0.386 0.754 0.804 0.826]
2750, val_acc: 0.6783
2750, precision: [0.645 0.866 0.598 0.665 0.557 0.684 0.382 0.755 0.789 0.842]
2800, val_acc: 0.681
2800, precision: [0.674 0.869 0.566 0.659 0.601 0.67  0.365 0.776 0.798 0.832]
2850, val_acc: 0.6817
2850, precision: [0.653 0.853 0.599 0.682 0.556 0.684 0.404 0.793 0.789 0.804]
2900, val_acc: 0.6853
2900, precision: [0.659 0.844 0.627 0.698 0.557 0.69  0.377 0.787 0.805 0.809]
2950, val_acc: 0.6876
2950, precision: [0.694 0.852 0.63  0.68  0.543 0.701 0.378 0.793 0.799 0.806]
3000, val_acc: 0.6868
3000, precision: [0.655 0.859 0.589 0.695 0.584 0.693 0.389 0.783 0.8   0.821]
3050, val_acc: 0.687
3050, precision: [0.662 0.843 0.616 0.712 0.524 0.69  0.409 0.789 0.814 0.811]
3100, val_acc: 0.6888
3100, precision: [0.655 0.848 0.606 0.704 0.562 0.694 0.396 0.783 0.82  0.82 ]
3150, val_acc: 0.6889
3150, precision: [0.654 0.849 0.592 0.693 0.567 0.71  0.421 0.772 0.812 0.819]
3200, val_acc: 0.6924
3200, precision: [0.672 0.849 0.615 0.708 0.57  0.697 0.393 0.793 0.805 0.822]
3250, val_acc: 0.6924
3250, precision: [0.652 0.863 0.581 0.699 0.6   0.695 0.404 0.789 0.808 0.833]
3300, val_acc: 0.6908
3300, precision: [0.654 0.87  0.573 0.687 0.563 0.711 0.434 0.772 0.812 0.832]
3350, val_acc: 0.6969
3350, precision: [0.673 0.861 0.637 0.706 0.534 0.704 0.415 0.794 0.823 0.822]
3400, val_acc: 0.6942
3400, precision: [0.669 0.879 0.611 0.661 0.57  0.722 0.418 0.786 0.812 0.814]
3450, val_acc: 0.6929
3450, precision: [0.658 0.88  0.595 0.665 0.568 0.693 0.439 0.802 0.812 0.817]
3500, val_acc: 0.6971
3500, precision: [0.683 0.868 0.603 0.676 0.582 0.71  0.424 0.775 0.814 0.836]
3550, val_acc: 0.6988
3550, precision: [0.674 0.867 0.619 0.71  0.576 0.696 0.402 0.806 0.828 0.81 ]
3600, val_acc: 0.7001
3600, precision: [0.683 0.869 0.606 0.692 0.593 0.696 0.404 0.781 0.837 0.84 ]
3650, val_acc: 0.6994
3650, precision: [0.672 0.869 0.62  0.711 0.542 0.721 0.429 0.769 0.817 0.844]
3700, val_acc: 0.6998
3700, precision: [0.691 0.863 0.62  0.699 0.552 0.722 0.414 0.797 0.817 0.823]
3750, val_acc: 0.7028
3750, precision: [0.702 0.874 0.633 0.688 0.566 0.697 0.412 0.792 0.823 0.841]
3800, val_acc: 0.7063
3800, precision: [0.719 0.867 0.612 0.688 0.601 0.731 0.403 0.782 0.823 0.837]
3850, val_acc: 0.6988
3850, precision: [0.665 0.877 0.568 0.695 0.568 0.72  0.457 0.78  0.815 0.843]
3900, val_acc: 0.7042
3900, precision: [0.703 0.878 0.586 0.689 0.59  0.707 0.421 0.81  0.838 0.82 ]
3950, val_acc: 0.706
3950, precision: [0.714 0.869 0.606 0.7   0.576 0.719 0.406 0.784 0.842 0.844]
4000, val_acc: 0.703
4000, precision: [0.67  0.865 0.65  0.702 0.536 0.707 0.439 0.793 0.829 0.839]
4050, val_acc: 0.7067
4050, precision: [0.691 0.863 0.595 0.722 0.595 0.706 0.422 0.797 0.843 0.833]
4100, val_acc: 0.7064
4100, precision: [0.693 0.876 0.598 0.707 0.595 0.707 0.421 0.799 0.829 0.839]
4150, val_acc: 0.7053
4150, precision: [0.67  0.882 0.607 0.695 0.592 0.715 0.427 0.803 0.833 0.829]
4200, val_acc: 0.7072
4200, precision: [0.709 0.876 0.592 0.689 0.618 0.717 0.408 0.793 0.836 0.834]
4250, val_acc: 0.7099
4250, precision: [0.692 0.868 0.6   0.716 0.602 0.751 0.428 0.776 0.825 0.841]
4300, val_acc: 0.7081
4300, precision: [0.683 0.881 0.606 0.703 0.604 0.721 0.426 0.801 0.819 0.837]
4350, val_acc: 0.708
4350, precision: [0.668 0.868 0.61  0.718 0.593 0.711 0.434 0.814 0.827 0.837]
4400, val_acc: 0.7114
4400, precision: [0.702 0.862 0.624 0.727 0.59  0.721 0.403 0.798 0.845 0.842]
4450, val_acc: 0.7106
4450, precision: [0.673 0.874 0.612 0.717 0.583 0.729 0.432 0.807 0.847 0.832]
4500, val_acc: 0.7118
4500, precision: [0.684 0.876 0.598 0.718 0.611 0.723 0.428 0.813 0.842 0.825]
4550, val_acc: 0.7112
4550, precision: [0.682 0.867 0.628 0.721 0.564 0.724 0.445 0.797 0.839 0.845]
4600, val_acc: 0.7139
4600, precision: [0.709 0.874 0.615 0.711 0.614 0.742 0.396 0.79  0.848 0.84 ]
4650, val_acc: 0.7117
4650, precision: [0.668 0.874 0.606 0.717 0.585 0.727 0.453 0.796 0.839 0.852]
4700, val_acc: 0.7129
4700, precision: [0.696 0.875 0.619 0.707 0.57  0.729 0.447 0.799 0.846 0.841]
4750, val_acc: 0.714
4750, precision: [0.694 0.877 0.613 0.721 0.589 0.729 0.425 0.793 0.843 0.856]
4800, val_acc: 0.712
4800, precision: [0.712 0.884 0.633 0.7   0.555 0.733 0.43  0.817 0.831 0.825]
4850, val_acc: 0.7132
4850, precision: [0.702 0.881 0.591 0.701 0.597 0.736 0.444 0.795 0.835 0.85 ]
4900, val_acc: 0.7163
4900, precision: [0.674 0.88  0.599 0.731 0.593 0.752 0.454 0.788 0.84  0.852]
4950, val_acc: 0.7149
4950, precision: [0.664 0.883 0.631 0.716 0.58  0.743 0.447 0.801 0.842 0.842]
5000, val_acc: 0.7172
5000, precision: [0.713 0.879 0.602 0.716 0.6   0.759 0.431 0.788 0.842 0.842]
5050, val_acc: 0.7141
5050, precision: [0.718 0.886 0.598 0.685 0.595 0.74  0.446 0.791 0.833 0.849]
5100, val_acc: 0.7174
5100, precision: [0.703 0.876 0.611 0.733 0.593 0.742 0.426 0.792 0.844 0.854]
5150, val_acc: 0.7178
5150, precision: [0.697 0.878 0.607 0.733 0.569 0.745 0.459 0.797 0.839 0.854]
5200, val_acc: 0.7176
5200, precision: [0.675 0.884 0.606 0.739 0.588 0.741 0.448 0.803 0.835 0.857]
5250, val_acc: 0.7182
5250, precision: [0.692 0.883 0.623 0.732 0.566 0.743 0.451 0.816 0.849 0.827]
5300, val_acc: 0.7193
5300, precision: [0.684 0.882 0.603 0.748 0.612 0.749 0.417 0.807 0.849 0.842]
5350, val_acc: 0.7183
5350, precision: [0.682 0.884 0.588 0.719 0.628 0.731 0.434 0.805 0.853 0.859]
5400, val_acc: 0.7196
5400, precision: [0.679 0.882 0.597 0.731 0.603 0.747 0.456 0.803 0.851 0.847]
5450, val_acc: 0.7198
5450, precision: [0.703 0.886 0.624 0.715 0.586 0.769 0.44  0.797 0.837 0.841]
5500, val_acc: 0.7199
5500, precision: [0.68  0.878 0.641 0.739 0.583 0.749 0.445 0.797 0.837 0.85 ]
5550, val_acc: 0.7178
5550, precision: [0.665 0.885 0.628 0.718 0.574 0.746 0.468 0.798 0.843 0.853]
5600, val_acc: 0.721
5600, precision: [0.688 0.881 0.611 0.745 0.589 0.75  0.447 0.787 0.858 0.854]
5650, val_acc: 0.7206
5650, precision: [0.677 0.884 0.631 0.736 0.588 0.752 0.442 0.797 0.852 0.847]
5700, val_acc: 0.7223
5700, precision: [0.672 0.884 0.642 0.735 0.609 0.744 0.426 0.803 0.852 0.856]
5750, val_acc: 0.722
5750, precision: [0.678 0.875 0.645 0.733 0.593 0.752 0.436 0.792 0.856 0.86 ]
5800, val_acc: 0.7222
5800, precision: [0.702 0.887 0.608 0.715 0.616 0.763 0.436 0.812 0.847 0.836]
5850, val_acc: 0.7213
5850, precision: [0.673 0.886 0.637 0.738 0.583 0.759 0.44  0.82  0.843 0.834]
5900, val_acc: 0.7207
5900, precision: [0.682 0.883 0.632 0.744 0.587 0.758 0.417 0.821 0.852 0.831]
5950, val_acc: 0.7231
5950, precision: [0.682 0.887 0.609 0.736 0.619 0.744 0.434 0.787 0.855 0.878]
6000, val_acc: 0.7228
6000, precision: [0.708 0.885 0.601 0.722 0.624 0.754 0.437 0.809 0.845 0.843]
6050, val_acc: 0.7235
6050, precision: [0.69  0.886 0.599 0.725 0.628 0.76  0.441 0.792 0.847 0.867]
6100, val_acc: 0.724
6100, precision: [0.687 0.883 0.592 0.745 0.644 0.771 0.437 0.792 0.849 0.84 ]
6150, val_acc: 0.7246
6150, precision: [0.697 0.889 0.593 0.732 0.61  0.733 0.453 0.825 0.865 0.849]
6200, val_acc: 0.7223
6200, precision: [0.677 0.889 0.611 0.749 0.575 0.745 0.449 0.824 0.866 0.838]
6250, val_acc: 0.7258
6250, precision: [0.7   0.891 0.632 0.737 0.573 0.764 0.454 0.8   0.852 0.855]
6300, val_acc: 0.726
6300, precision: [0.69  0.882 0.586 0.739 0.629 0.777 0.452 0.798 0.857 0.85 ]
6350, val_acc: 0.7273
6350, precision: [0.699 0.882 0.665 0.736 0.57  0.759 0.444 0.809 0.86  0.849]
6400, val_acc: 0.7259
6400, precision: [0.68  0.879 0.604 0.749 0.613 0.763 0.46  0.799 0.859 0.853]
6450, val_acc: 0.7275
6450, precision: [0.694 0.883 0.633 0.756 0.605 0.758 0.427 0.818 0.85  0.851]
6500, val_acc: 0.7264
6500, precision: [0.731 0.885 0.628 0.735 0.586 0.76  0.426 0.799 0.863 0.851]
6550, val_acc: 0.7268
6550, precision: [0.695 0.89  0.636 0.722 0.579 0.757 0.466 0.804 0.864 0.855]
6600, val_acc: 0.7234
6600, precision: [0.675 0.891 0.652 0.74  0.527 0.78  0.471 0.788 0.866 0.844]
6650, val_acc: 0.7281
6650, precision: [0.684 0.887 0.638 0.743 0.6   0.757 0.452 0.81  0.857 0.853]
6700, val_acc: 0.7296
6700, precision: [0.716 0.876 0.632 0.76  0.61  0.756 0.426 0.821 0.859 0.84 ]
6750, val_acc: 0.7264
6750, precision: [0.671 0.889 0.651 0.758 0.568 0.763 0.452 0.808 0.853 0.851]
6800, val_acc: 0.7285
6800, precision: [0.713 0.886 0.588 0.737 0.618 0.762 0.474 0.8   0.847 0.86 ]
6850, val_acc: 0.7295
6850, precision: [0.708 0.888 0.66  0.751 0.563 0.765 0.444 0.809 0.854 0.853]
6900, val_acc: 0.7299
6900, precision: [0.683 0.884 0.627 0.752 0.59  0.765 0.477 0.823 0.862 0.836]
6950, val_acc: 0.7325
6950, precision: [0.701 0.883 0.672 0.77  0.565 0.766 0.439 0.807 0.861 0.861]
7000, val_acc: 0.731
7000, precision: [0.683 0.89  0.657 0.745 0.58  0.766 0.466 0.824 0.854 0.845]
7050, val_acc: 0.7336
7050, precision: [0.696 0.889 0.648 0.745 0.648 0.778 0.434 0.817 0.845 0.836]
7100, val_acc: 0.7343
7100, precision: [0.682 0.889 0.611 0.756 0.625 0.768 0.479 0.808 0.859 0.866]
7150, val_acc: 0.7345
7150, precision: [0.7   0.892 0.616 0.751 0.633 0.775 0.459 0.81  0.857 0.852]
7200, val_acc: 0.7318
7200, precision: [0.703 0.885 0.651 0.75  0.589 0.773 0.449 0.802 0.861 0.855]
7250, val_acc: 0.7317
7250, precision: [0.699 0.891 0.643 0.74  0.609 0.754 0.45  0.809 0.861 0.861]
7300, val_acc: 0.7344
7300, precision: [0.711 0.889 0.653 0.756 0.598 0.777 0.44  0.809 0.862 0.849]
7350, val_acc: 0.7323
7350, precision: [0.686 0.883 0.646 0.766 0.598 0.768 0.457 0.806 0.856 0.857]
7400, val_acc: 0.7329
7400, precision: [0.671 0.886 0.646 0.764 0.596 0.765 0.471 0.819 0.86  0.851]
7450, val_acc: 0.7326
7450, precision: [0.697 0.881 0.624 0.759 0.607 0.77  0.465 0.803 0.858 0.862]
7500, val_acc: 0.7353
7500, precision: [0.677 0.89  0.665 0.772 0.581 0.764 0.463 0.825 0.861 0.855]
7550, val_acc: 0.7345
7550, precision: [0.689 0.89  0.639 0.759 0.604 0.771 0.47  0.789 0.858 0.876]
7600, val_acc: 0.7342
7600, precision: [0.689 0.891 0.655 0.752 0.59  0.772 0.47  0.818 0.86  0.845]
7650, val_acc: 0.7357
7650, precision: [0.691 0.896 0.633 0.757 0.621 0.778 0.462 0.79  0.859 0.87 ]
7700, val_acc: 0.7356
7700, precision: [0.726 0.892 0.676 0.741 0.6   0.777 0.433 0.804 0.859 0.848]
7750, val_acc: 0.734
7750, precision: [0.677 0.894 0.651 0.759 0.587 0.773 0.47  0.807 0.859 0.863]
7800, val_acc: 0.7352
7800, precision: [0.695 0.901 0.647 0.744 0.587 0.778 0.47  0.809 0.859 0.862]
7850, val_acc: 0.7378
7850, precision: [0.693 0.892 0.666 0.773 0.604 0.768 0.447 0.819 0.866 0.85 ]
7900, val_acc: 0.7343
7900, precision: [0.697 0.886 0.592 0.758 0.649 0.767 0.456 0.805 0.861 0.872]
7950, val_acc: 0.7343
7950, precision: [0.687 0.894 0.642 0.758 0.58  0.777 0.478 0.809 0.858 0.86 ]
8000, val_acc: 0.7338
8000, precision: [0.701 0.893 0.664 0.76  0.572 0.759 0.446 0.821 0.861 0.861]
8050, val_acc: 0.7356
8050, precision: [0.697 0.893 0.661 0.754 0.6   0.759 0.447 0.819 0.86  0.866]
8100, val_acc: 0.7363
8100, precision: [0.702 0.901 0.642 0.75  0.624 0.768 0.436 0.818 0.861 0.861]
8150, val_acc: 0.7359
8150, precision: [0.701 0.889 0.601 0.756 0.652 0.787 0.459 0.799 0.853 0.862]
8200, val_acc: 0.7351
8200, precision: [0.704 0.888 0.63  0.766 0.609 0.778 0.456 0.807 0.852 0.861]
8250, val_acc: 0.7365
8250, precision: [0.7   0.895 0.667 0.758 0.578 0.759 0.463 0.823 0.86  0.862]
8300, val_acc: 0.7384
8300, precision: [0.703 0.898 0.658 0.753 0.618 0.766 0.447 0.82  0.86  0.861]
8350, val_acc: 0.7356
8350, precision: [0.705 0.895 0.632 0.771 0.611 0.767 0.454 0.824 0.851 0.846]
8400, val_acc: 0.7395
8400, precision: [0.705 0.896 0.66  0.773 0.607 0.778 0.443 0.82  0.86  0.853]
8450, val_acc: 0.736
8450, precision: [0.706 0.902 0.593 0.738 0.651 0.766 0.464 0.812 0.856 0.872]
8500, val_acc: 0.7411
8500, precision: [0.716 0.897 0.65  0.772 0.61  0.776 0.45  0.819 0.856 0.865]
8550, val_acc: 0.7389
8550, precision: [0.71  0.899 0.636 0.741 0.618 0.775 0.471 0.803 0.858 0.878]
8600, val_acc: 0.7382
8600, precision: [0.69  0.89  0.666 0.77  0.595 0.791 0.459 0.8   0.857 0.864]
8650, val_acc: 0.7392
8650, precision: [0.694 0.903 0.637 0.743 0.629 0.79  0.469 0.808 0.861 0.858]
8700, val_acc: 0.7371
8700, precision: [0.691 0.893 0.617 0.768 0.622 0.766 0.468 0.817 0.86  0.869]
8750, val_acc: 0.7394
8750, precision: [0.705 0.899 0.669 0.753 0.589 0.77  0.461 0.812 0.861 0.875]
8800, val_acc: 0.7396
8800, precision: [0.7   0.899 0.667 0.737 0.62  0.787 0.454 0.816 0.856 0.86 ]
8850, val_acc: 0.74
8850, precision: [0.722 0.89  0.654 0.764 0.594 0.789 0.463 0.809 0.85  0.865]
8900, val_acc: 0.74
8900, precision: [0.717 0.896 0.627 0.761 0.609 0.777 0.457 0.801 0.872 0.883]
8950, val_acc: 0.7406
8950, precision: [0.705 0.902 0.645 0.759 0.605 0.781 0.47  0.816 0.855 0.868]
9000, val_acc: 0.7372
9000, precision: [0.688 0.908 0.636 0.738 0.609 0.797 0.477 0.818 0.851 0.85 ]
9050, val_acc: 0.7404
9050, precision: [0.709 0.896 0.668 0.76  0.598 0.791 0.459 0.82  0.85  0.853]
9100, val_acc: 0.7404
9100, precision: [0.718 0.897 0.626 0.772 0.632 0.781 0.434 0.819 0.86  0.865]
9150, val_acc: 0.7422
9150, precision: [0.714 0.896 0.683 0.759 0.59  0.787 0.458 0.814 0.854 0.867]
9200, val_acc: 0.7416
9200, precision: [0.721 0.899 0.65  0.757 0.612 0.776 0.458 0.822 0.853 0.868]
9250, val_acc: 0.7408
9250, precision: [0.719 0.9   0.637 0.751 0.607 0.786 0.468 0.814 0.858 0.868]
9300, val_acc: 0.7421
9300, precision: [0.709 0.9   0.628 0.741 0.655 0.786 0.463 0.817 0.857 0.865]
9350, val_acc: 0.7403
9350, precision: [0.719 0.9   0.628 0.763 0.62  0.783 0.455 0.822 0.858 0.855]
9400, val_acc: 0.7427
9400, precision: [0.708 0.896 0.659 0.758 0.615 0.789 0.463 0.807 0.864 0.868]
9450, val_acc: 0.7425
9450, precision: [0.702 0.9   0.632 0.766 0.621 0.782 0.473 0.822 0.863 0.864]
9500, val_acc: 0.7442
9500, precision: [0.705 0.903 0.671 0.761 0.629 0.785 0.442 0.829 0.858 0.859]
9550, val_acc: 0.742
9550, precision: [0.703 0.903 0.673 0.752 0.595 0.777 0.471 0.817 0.863 0.866]
9600, val_acc: 0.7427
9600, precision: [0.707 0.904 0.642 0.739 0.632 0.792 0.468 0.802 0.865 0.876]
9650, val_acc: 0.7441
9650, precision: [0.712 0.903 0.711 0.76  0.588 0.779 0.433 0.822 0.87  0.863]
9700, val_acc: 0.7428
9700, precision: [0.698 0.899 0.659 0.773 0.6   0.791 0.473 0.804 0.86  0.871]
9750, val_acc: 0.7409
9750, precision: [0.676 0.898 0.659 0.77  0.612 0.798 0.469 0.801 0.857 0.869]
9800, val_acc: 0.7442
9800, precision: [0.708 0.903 0.692 0.745 0.602 0.783 0.461 0.826 0.863 0.859]
9850, val_acc: 0.744
9850, precision: [0.719 0.898 0.68  0.771 0.589 0.794 0.447 0.827 0.868 0.847]
9900, val_acc: 0.7452
9900, precision: [0.706 0.901 0.654 0.759 0.624 0.8   0.469 0.814 0.856 0.869]
9950, val_acc: 0.7446
9950, precision: [0.715 0.899 0.657 0.775 0.604 0.792 0.462 0.824 0.858 0.86 ]
10000, val_acc: 0.7441
10000, precision: [0.716 0.905 0.662 0.745 0.59  0.784 0.481 0.824 0.858 0.876]
10050, val_acc: 0.7434
10050, precision: [0.7   0.9   0.638 0.763 0.622 0.781 0.476 0.816 0.86  0.878]
10100, val_acc: 0.7451
10100, precision: [0.708 0.902 0.652 0.759 0.61  0.797 0.476 0.807 0.858 0.882]
10150, val_acc: 0.7455
10150, precision: [0.712 0.905 0.647 0.768 0.61  0.789 0.463 0.819 0.863 0.879]
10200, val_acc: 0.7455
10200, precision: [0.707 0.905 0.643 0.754 0.618 0.789 0.473 0.823 0.865 0.878]
10250, val_acc: 0.7461
10250, precision: [0.715 0.904 0.65  0.755 0.625 0.79  0.452 0.832 0.873 0.865]
10300, val_acc: 0.7466
10300, precision: [0.712 0.902 0.663 0.761 0.628 0.8   0.446 0.814 0.87  0.87 ]
10350, val_acc: 0.7459
10350, precision: [0.72  0.907 0.662 0.755 0.597 0.789 0.458 0.833 0.868 0.87 ]
10400, val_acc: 0.7456
10400, precision: [0.713 0.898 0.638 0.767 0.612 0.788 0.475 0.826 0.862 0.877]
10450, val_acc: 0.7463
10450, precision: [0.725 0.904 0.642 0.747 0.635 0.784 0.455 0.841 0.865 0.865]
10500, val_acc: 0.7471
10500, precision: [0.708 0.903 0.659 0.758 0.611 0.79  0.469 0.825 0.871 0.877]
10550, val_acc: 0.7475
10550, precision: [0.724 0.907 0.665 0.776 0.577 0.804 0.465 0.812 0.87  0.875]
10600, val_acc: 0.7489
10600, precision: [0.712 0.906 0.675 0.752 0.614 0.795 0.477 0.812 0.863 0.883]
10650, val_acc: 0.7465
10650, precision: [0.7   0.907 0.631 0.754 0.62  0.795 0.496 0.827 0.865 0.87 ]
10700, val_acc: 0.7487
10700, precision: [0.693 0.91  0.666 0.759 0.619 0.788 0.481 0.823 0.868 0.88 ]
10750, val_acc: 0.7484
10750, precision: [0.724 0.905 0.644 0.779 0.606 0.788 0.474 0.82  0.865 0.879]
10800, val_acc: 0.7475
10800, precision: [0.722 0.909 0.653 0.738 0.616 0.795 0.478 0.833 0.864 0.867]
10850, val_acc: 0.7478
10850, precision: [0.717 0.91  0.652 0.751 0.617 0.808 0.464 0.815 0.869 0.875]
10900, val_acc: 0.7481
10900, precision: [0.727 0.91  0.655 0.747 0.599 0.793 0.48  0.828 0.867 0.875]
10950, val_acc: 0.7482
10950, precision: [0.711 0.904 0.592 0.768 0.658 0.795 0.481 0.823 0.869 0.881]
11000, val_acc: 0.7486
11000, precision: [0.722 0.906 0.651 0.752 0.623 0.793 0.47  0.833 0.866 0.87 ]
11050, val_acc: 0.7497
11050, precision: [0.717 0.898 0.64  0.787 0.606 0.796 0.48  0.831 0.867 0.875]
11100, val_acc: 0.7492
11100, precision: [0.716 0.897 0.659 0.77  0.616 0.804 0.474 0.812 0.863 0.881]
11150, val_acc: 0.7504
11150, precision: [0.706 0.906 0.612 0.759 0.645 0.802 0.502 0.828 0.863 0.881]
11200, val_acc: 0.7496
11200, precision: [0.721 0.902 0.649 0.77  0.606 0.798 0.474 0.829 0.868 0.879]
11250, val_acc: 0.7494
11250, precision: [0.72  0.905 0.628 0.759 0.636 0.806 0.475 0.829 0.863 0.873]
11300, val_acc: 0.7509
11300, precision: [0.714 0.905 0.671 0.761 0.602 0.808 0.482 0.826 0.866 0.874]
11350, val_acc: 0.7515
11350, precision: [0.721 0.903 0.679 0.771 0.621 0.799 0.443 0.827 0.871 0.88 ]
11400, val_acc: 0.7485
11400, precision: [0.725 0.909 0.63  0.755 0.609 0.791 0.489 0.838 0.869 0.87 ]
11450, val_acc: 0.7511
11450, precision: [0.726 0.906 0.653 0.774 0.625 0.794 0.46  0.83  0.866 0.877]
11500, val_acc: 0.7505
11500, precision: [0.713 0.903 0.665 0.764 0.597 0.798 0.497 0.829 0.862 0.877]
11550, val_acc: 0.7507
11550, precision: [0.727 0.908 0.636 0.766 0.648 0.802 0.449 0.833 0.865 0.873]
11600, val_acc: 0.7513
11600, precision: [0.726 0.907 0.674 0.755 0.612 0.802 0.466 0.835 0.866 0.87 ]
11650, val_acc: 0.75
11650, precision: [0.69  0.909 0.644 0.754 0.63  0.797 0.502 0.836 0.865 0.873]
11700, val_acc: 0.7493
11700, precision: [0.717 0.909 0.651 0.744 0.624 0.786 0.481 0.832 0.868 0.881]
11750, val_acc: 0.7506
11750, precision: [0.734 0.907 0.651 0.748 0.627 0.801 0.469 0.835 0.869 0.865]
11800, val_acc: 0.7506
11800, precision: [0.712 0.909 0.633 0.762 0.618 0.799 0.492 0.829 0.87  0.882]
11850, val_acc: 0.7503
11850, precision: [0.728 0.906 0.654 0.759 0.601 0.797 0.48  0.831 0.867 0.88 ]
11900, val_acc: 0.7499
11900, precision: [0.706 0.905 0.669 0.763 0.613 0.793 0.474 0.824 0.869 0.883]
11950, val_acc: 0.7523
11950, precision: [0.719 0.911 0.688 0.755 0.602 0.806 0.465 0.827 0.869 0.881]
12000, val_acc: 0.7529
12000, precision: [0.716 0.903 0.69  0.762 0.615 0.807 0.457 0.819 0.874 0.886]
12050, val_acc: 0.7526
12050, precision: [0.727 0.909 0.662 0.76  0.606 0.798 0.482 0.837 0.869 0.876]
12100, val_acc: 0.7518
12100, precision: [0.732 0.904 0.665 0.758 0.627 0.804 0.453 0.83  0.869 0.876]
12150, val_acc: 0.7518
12150, precision: [0.718 0.906 0.662 0.772 0.623 0.801 0.462 0.819 0.874 0.881]
12200, val_acc: 0.7509
12200, precision: [0.697 0.908 0.664 0.773 0.61  0.799 0.48  0.83  0.871 0.877]
12250, val_acc: 0.7514
12250, precision: [0.73  0.912 0.662 0.745 0.632 0.794 0.458 0.836 0.868 0.877]
12300, val_acc: 0.7523
12300, precision: [0.717 0.912 0.665 0.756 0.626 0.797 0.468 0.833 0.872 0.877]
12350, val_acc: 0.7529
12350, precision: [0.723 0.907 0.683 0.759 0.605 0.802 0.47  0.83  0.872 0.878]
12400, val_acc: 0.7521
12400, precision: [0.721 0.908 0.644 0.764 0.63  0.802 0.468 0.834 0.87  0.88 ]
12450, val_acc: 0.7504
12450, precision: [0.712 0.909 0.644 0.754 0.622 0.792 0.482 0.838 0.869 0.882]
12500, val_acc: 0.752
12500, precision: [0.705 0.908 0.67  0.755 0.61  0.804 0.483 0.83  0.872 0.883]
12550, val_acc: 0.7516
12550, precision: [0.698 0.913 0.649 0.755 0.621 0.796 0.498 0.831 0.873 0.882]
12600, val_acc: 0.7529
12600, precision: [0.73  0.904 0.659 0.767 0.621 0.803 0.466 0.836 0.869 0.874]
12650, val_acc: 0.7535
12650, precision: [0.708 0.904 0.649 0.763 0.619 0.812 0.502 0.826 0.875 0.877]
12700, val_acc: 0.753
12700, precision: [0.719 0.909 0.629 0.748 0.61  0.812 0.522 0.838 0.876 0.867]
12750, val_acc: 0.754
12750, precision: [0.717 0.906 0.682 0.78  0.582 0.808 0.482 0.826 0.879 0.878]
12800, val_acc: 0.7519
12800, precision: [0.706 0.905 0.635 0.77  0.618 0.814 0.502 0.833 0.866 0.87 ]
12850, val_acc: 0.751
12850, precision: [0.71  0.912 0.64  0.757 0.607 0.815 0.496 0.831 0.868 0.874]
12900, val_acc: 0.7533
12900, precision: [0.714 0.907 0.673 0.781 0.608 0.803 0.469 0.83  0.872 0.876]
12950, val_acc: 0.7558
12950, precision: [0.721 0.911 0.687 0.765 0.6   0.807 0.481 0.827 0.871 0.888]
13000, val_acc: 0.7551
13000, precision: [0.74  0.91  0.672 0.761 0.624 0.799 0.452 0.834 0.876 0.883]
13050, val_acc: 0.7518
13050, precision: [0.715 0.91  0.629 0.743 0.644 0.804 0.493 0.839 0.868 0.873]
13100, val_acc: 0.7526
13100, precision: [0.707 0.91  0.653 0.748 0.626 0.801 0.497 0.835 0.875 0.874]
13150, val_acc: 0.7533
13150, precision: [0.713 0.911 0.665 0.746 0.614 0.807 0.498 0.824 0.874 0.881]
13200, val_acc: 0.7529
13200, precision: [0.73  0.909 0.652 0.753 0.609 0.8   0.486 0.839 0.876 0.875]
13250, val_acc: 0.7523
13250, precision: [0.724 0.904 0.669 0.77  0.586 0.798 0.486 0.832 0.87  0.884]
13300, val_acc: 0.7544
13300, precision: [0.704 0.911 0.648 0.746 0.655 0.803 0.495 0.833 0.873 0.876]
13350, val_acc: 0.7556
13350, precision: [0.75  0.908 0.659 0.761 0.64  0.798 0.451 0.834 0.878 0.877]
13400, val_acc: 0.7543
13400, precision: [0.728 0.91  0.648 0.747 0.634 0.813 0.487 0.83  0.871 0.875]
13450, val_acc: 0.7538
13450, precision: [0.711 0.911 0.665 0.767 0.61  0.813 0.48  0.83  0.875 0.876]
